. 11011 1011111101 0100011100,

rx

0100001010. 0011111110. 100001111[111001111111001001000000110011111011101 1111 010
Provide 8101101 111 Sedete-Foede 1001010100 10001111. 101100 010 1101100 1101101 100
1101111100 40, die 1101101 8111110, 811101 010 00111 je 30 Tere, 11011 11011101100101 01000110
10 Τ111.010 0111101101 1101001101 ond 1111111101 ’0 1011111. 01111101.

1100001010, deo 17. 010111. 000101, 001 14 Argoo. 801110 die 1010111010
1111010110 001 01. 81111011 (801111, 11010101) 010 101111.

0100001010, 000 12. September. 1111 Aoordooo 01180111111111010111011011011
15. September eine 8011110111 111 8111101010 eo deo 101 dobree 0100110010101 ,

010110100111011010101110001 1111111001.

. 0000111110, 001 10. October. Vereebiedene 001 Uoteerdebtoweoen 11 00100011·
1101 10110110000000011010011 010 111011110οο1 0001101101.Μ11111011001. 1) 0101100110
111 001 deutschen 0011111 001 1111101100101 10110111011 1000101111 110 0110000 reio.
Diejeoigeo‚ die 10111 1101οἱ11100 101101101, 010101110111110111011 111 00010 0011011 0110
110 010 010010001011010111010111011111101 obed 111100011000111 odron. 2) Die 1111·
1011101010011110 001 01011 11101101 10110 1101000 0011111101 01110 010010100101111.
0101111101 Τ1110110, 010 00000101 1110101110101 0110111101,1001 01011811 00 81. 110111,
1111110111 110 010010 81111111101101 001 011011110011011 110101 110100 00001010 81111-
1001110 011 0. 1. w. 0) 110111 80110010011111001111111111101110111010000101101 11110110
111011 Ρ10101 11 00111011οἰ01 001 010 011001101011011011 001110010 110101 Tembro-
10010 fiir 0018010011111 001 801οΙ1 0010011110 0001011001001, uod 0100 110001 0110
110000110111110000010001 0011101010011010111011 1101111 b* wie 101 deo Abetorreoeeo·
Prbfoogeo 111111 101101 10 110110 001001 0010101 00110, 111 01100101010101101111100
00111111110108010111101111 01001 boib 0081111111 0110011100 werde, 00 11111 reeb
1010010111011011 00100100 deuteron 10 deo 0101111110001 010 01111011110111101110010·
11ῖο1111ἱο1111ζ’1010181011011“11110111“111 db'.. “:dbf
preneoieeben 0110110110 10101 11001110 1110101101 110 011 011 010001 1001110010ιο
11 0011101011 11101001 11 1010011000 010 1101011101. 5) 1100 80111010011000 111 10
Ξο00111οθ ,10001011 00οΤ0110110 1101 Lectione-Vertbeiloog 100 1011010100 001 Lebe-
11 e 110 0001.

“ 1100011010, deo 18. 0010101. Berlin, deo 8. 0110101. Eo 111011101100, 10011
men 01101 1104 dee circadae-Rescripta romb. 1101 1840 :wei 101101100010 Folo 001-
1100111110111111111111 001 8011111110 011 11101110 001 5 30 001 1100100010Ι 000
4. ,1011 1834 100111110111101 111 11101110100111000 01101 001010011οο 111011 11110111
sobebor, 11010110 1010010111110010111111010 dd 001000οῧῗο1100010000110100001εο01001·

1 01101 011 100 erro 110 0 0 . ·
011101111101100 1011011 oiebt3 jeder 101 011110 001 §dd 111 1110111111Ιὶ10 0111 101
00110011110011110001011111Ιί11110, 0111 01 0110 1001011100 10 0010111111 810110· 0001
11111110ηο1001110111011111111100, 1011101101 1100100. 1110101000, ob 011 sobebor,
11011 0110110110110 11111011 00110011 0001 1011100υο 010011 0000110111οο 10181111·
db“b‘.⁶b¹bb.:“⁸2'..“:zb.²;¹ 111100111111101111111010
verodom, 1010111 11Ιο11 011 0010111810118080οἶ ί1111018111οω1111111111111101 10 01110
000 0 30 011. 0110101111 01011011000001111110101 werdon 1111110, 1011110111 geben,
jeder 11011100-0010101101, 11010101 11011 011 1110110111 101100 1010101001 herm 111·
matrimonio, 10111000010111110011000 ibor 11010111 ’11011 0010100101 2010010100
011 8101110110 0001 001 011111οἰ0101 0010111101υο 101101 zomon 11111111000101·
fordern 11111. 1101101101 011 candidat, 0110 011010101101111011111 101, 1101111100
001 101 001 0010110111πο 1011111111111101 0100100 110 duo 010 1101101 11110101111111 mh
loge der 81010 Ὶ’1100111111 reio.

’ 1

 

